4.363
3.973
7.285
4.217
4.439
3.966
4.191
4.614
6.317
4.465
5.692
5.729
4.703
5.894
8.685
4.320
5.579
5.700
5.937
4.371
24.616
5.660
4.442
5.971
5.022
3.333
5.543
4.950
5.428
3.070
4.316
38.473
3.447
4.479
4.666
5.636
4.708
5.232
5.513
5.396
5.344
5.362
4.416
10.707
5.388
5.383
5.311
5.286
5.290
4.195
5.277
5.308
4.174
5.452
11.855
4.217
4.370
6.327
3.785
5.273
5.578
5.698
4.562
5.045
5.345
5.412
34.604
5.374
4.476
4.229
4.241
5.336
5.559
5.741
4.461
5.028
5.262
35.892
5.706
4.462
5.697
4.931
5.131
4.188
4.587
5.324
5.521
5.431
4.243
59.094
4.730
5.171
4.716
5.177
5.729
5.688
4.292
41.708
4.212
5.814
4.350
5.307
5.646
5.384
4.447
5.885
5.397
4.483
5.348
47.122
3.682
5.540
5.383
3.448
4.832
5.186
5.393
4.463
5.583
3.151
17.108
5.400
3.599
4.757
4.698
4.613
5.381
5.746
5.594
5.611
5.629
3.438
3.447
5.260
4.860
5.425
5.211
4.779
8.437
4.462
4.568
5.400
3.422
5.102
35.673
5.146
5.501
5.314
5.725
5.230
4.466
4.519
3.340
4.587
4.351
5.569
4.252
5.313
5.357
4.814
5.081
4.056
4.480
4.839
5.405
4.208
4.625
13.307
6.204
4.861
4.367
4.353
3.441
5.099
4.787
5.274
5.385
5.540
23.558
4.895
3.809
5.418
4.600
5.747
5.571
13.931
4.327
5.468
5.656
5.780
39.293
16.495
4.748
5.572
5.490
5.611
5.656
77.852
5.300
5.227
4.273
4.916
5.131
4.603
5.209
5.245
5.027
5.204
5.063
5.187
7.011
4.490
5.317
7.466
4.604
4.427
4.498
4.515
5.742
3.322
13.292
5.227
5.379
5.441
8.087
5.325
4.217
5.355
4.178
5.690
5.635
14.546
5.385
5.537
3.379
4.338
5.151
5.357
5.773
4.030
4.969
3.533
5.474
35.772
5.781
5.569
14.956
5.278
5.638
4.433
4.310
4.351
5.560
6.837
40.142
10.837
5.702
6.070
5.748
5.171
5.602
3.948
5.621
5.207
13.449
5.272
6.665
5.183
3.337
4.462
5.524
5.145
6.530
4.355
5.788
4.299
6.387
5.270
54.357
5.197
5.227
4.347
5.560
5.043
5.335
5.580
5.306
5.264
4.467
5.099
4.417
5.761
4.239
4.636
3.658
5.461
4.428
20.989
5.355
5.419
5.808
5.311
3.605
4.304
4.852
5.415
5.254
5.289
4.610
14.287
5.290
5.430
5.329
5.587
5.411
3.784
6.023
10.378
5.380
5.585
3.957
22.742
5.296
5.459
7.774
6.401
5.350
4.976
4.328
5.286
5.269
5.516
42.533
4.781
5.423
4.547
5.876
5.407
5.112
5.258
5.268
4.455
5.724
4.296
37.700
5.388
4.327
5.272
5.480
4.357
5.401
5.405
5.211
5.336
5.748
4.780
5.530
5.296
7.699
5.224
5.272
5.382
5.212
5.684
5.432
4.996
5.458
45.306
5.176
5.437
5.038
4.607
5.266
5.342
4.258
6.066
5.382
5.532
28.290
18.533
5.620
5.381
5.818
5.329
7.548
5.374
5.229
5.274
5.105
4.353
34.015
4.441
5.369
3.787
5.372
5.822
5.016
17.882
5.310
4.544
5.495
5.212
4.132
4.642
5.366
5.329
5.264
4.371
56.047
4.896
5.350
5.177
5.630
5.277
4.308
5.351
5.662
5.496
5.412
5.309
59.365
5.265
5.106
5.407
5.163
5.236
5.813
5.250
4.915
5.420
4.580
7.456
6.242
4.536
6.367
5.521
5.247
5.132
5.142
5.480
5.127
4.490
5.407
17.962
5.221
5.492
5.335
5.249
4.859
5.533
5.405
4.358
5.430
4.815
8.918
18.299
5.785
5.161
4.385
5.353
5.562
5.248
5.069
5.307
5.113
5.363
53.033
5.319
4.933
5.249
5.486
5.516
5.282
5.354
4.765
5.368
5.390
28.716
48.752
4.399
5.854
4.268
5.289
5.476
5.250
5.385
5.469
4.975
4.333
7.947
5.451
5.275
5.693
5.392
5.389
6.123
34.981
12.166
5.324
5.464
5.328
7.913
5.148
5.313
5.601
5.360
6.236
4.876
5.506
15.633
4.462
5.550
4.614
4.147
5.147
5.359
5.536
5.270
5.269
5.366
19.920
18.189
5.999
5.368
5.301
5.395
5.647
6.368
5.227
5.415
5.142
4.746
45.680
5.358
5.270
5.534
5.489
4.912









