21.161
28.932
36.839
24.873
20.914
20.966
21.953
23.004
19.758
20.621
20.946
19.452
41.655
20.918
21.044
20.452
31.212
36.548
20.896
24.699
25.799
31.001
25.779
19.632
273.741
23.614
20.842
20.726
79.963
20.016
20.277
19.467
21.691
20.985
21.495
22.816
20.173
25.734
21.168
22.253
21.760
47.080
23.360
21.327
27.607
61.370
26.778
22.671
20.034
20.040
20.765
61.609
19.592
25.895
20.635
35.829
20.899
19.324
20.953
19.905
19.932
19.440
24.326
19.475
21.827
20.691
19.238
22.615
25.451
22.958
22.202
25.613
31.783
23.032
28.525
25.266
30.129
19.640
37.779
26.907
24.468
24.611
24.495
23.146
23.630
23.767
24.466
22.435
24.070
26.581
36.124
51.549
23.888
25.095
26.717
56.658
34.849
35.030
25.624
36.719
23.387
21.065
22.178
20.645
43.278
22.594
21.110
20.975
21.260
20.952
21.436
20.774
20.728
20.767
34.708
20.007
27.806
20.800
20.246
21.933
20.966
31.106
21.325
20.808
21.022
21.587
20.785
31.542
19.581
21.700
21.794
21.551
22.859
20.933
21.280
20.998
21.585
20.123
22.880
20.110
20.217
21.900
26.165
20.057
20.846
21.105
21.641
