67.844
20.947
22.136
20.959
19.880
19.302
19.306
20.909
25.843
21.330
20.076
28.507
21.272
21.068
21.619
38.437
36.686
20.909
25.625
21.807
41.411
25.869
20.094
280.523
19.058
20.799
20.721
42.061
24.230
19.046
23.478
21.557
19.247
19.854
22.405
20.941
21.252
22.453
25.225
21.651
60.266
19.998
21.865
27.596
23.613
21.020
21.200
20.245
21.057
20.938
61.136
20.137
20.127
22.147
33.992
21.000
20.989
21.251
19.329
20.908
25.732
20.226
21.559
21.393
21.130
22.034
21.870
25.940
21.086
21.705
21.022
19.450
20.122
21.502
20.917
55.916
20.015
20.876
20.990
20.280
20.240
21.761
26.106
20.990
20.594
20.670
65.922
20.218
21.456
20.897
20.711
23.857
19.250
21.320
19.678
26.115
20.025
20.252
20.741
27.008
26.759
25.685
21.467
26.672
41.330
23.531
30.248
34.059
26.674
26.376
28.839
23.604
24.432
20.004
62.391
27.837
29.531
26.772
37.229
33.407
36.486
33.543
26.582
28.243
31.224
30.990
31.440
22.512
30.341
36.051
22.893
29.910
35.091
29.958
38.129
30.331
26.683
25.547
25.744
27.125
30.870
29.072
33.778
26.095
25.441
