559
427
536
486
476
322
414
537
525
204
313
688
513
201
236
490
397
680
619
585
736
374
492
466
470
479
702
571
391
494
434
193
239
379
594
451
350
243
561
475
396
565
740
413
279
342
456
398
473
582
566
599
521
657
604
360
487
694
481
421
521
494
289
464
312
662
550
337
465
552
654
427
302
355
335
447
345
566
604
327
554
612
671
468
541
529
552
587
355
686
562
533
269
650
729
671
583
591
645
446
604
671
510
647
638
514
612
305
437
592
581
564
333
486
490
557
347
391
477
650
696
465
707
632
725
656
495
116
399
583
638
473
267
572
402
434
437
345
619
292
559
325
131
386
661
258
450
705
