85.7
76.9
75.9
62.9
54.4
55.7
63.9
50.1
70.4
54.1
68.9
43.0
42.3
44.3
49.0
60.2
30.2
36.0
41.9
42.4
37.4
37.5
55.4
27.2
38.2
45.6
56.9
55.6
50.3
48.1
57.1
46.8
30.8
36.5
46.0
46.5
57.8
46.6
51.0
39.0
58.1
11.0
77.2
66.0
51.5
37.0
67.3
64.9
66.8
70.6
44.2
23.3
46.9
42.2
59.1
57.4
78.2
73.5
75.9
41.2
39.7
52.4
70.3
52.4
44.9
48.0
68.8
49.3
83.5
63.1
74.5
48.1
64.6
78.5
77.7
77.2
68.6
56.4
58.4
84.5
75.5
69.0
67.0
94.7
63.0
68.1
89.7
67.3
98.6
77.8
58.0
72.3
80.5
92.6
88.8
94.1
105
109
104
67.5
84.9
105
46.2
60.7
70.9
70.3
96.2
61.1
51.8
81.4
99.3
84.1
74.5
84.6
35.2
100
100
101
97.7
101
105
109
93.7
95.8
102
107
103
72.7
109
102
84.6
95.0
101
105
95.9
63.6
58.4
95.6
79.2
85.5
88.7
102
95.0
102
76.1
106
